run	t_period
1.000000000000000e+00	1.022562e+00
2.000000000000000e+00	9.946829e-01
3.000000000000000e+00	1.048102e+00
4.000000000000000e+00	1.014848e+00
5.000000000000000e+00	1.003054e+00
6.000000000000000e+00	9.819905e-01
7.000000000000000e+00	1.015517e+00
8.000000000000000e+00	9.697982e-01
9.000000000000000e+00	9.655997e-01
1.000000000000000e+01	1.014172e+00
1.100000000000000e+01	9.562543e-01
1.200000000000000e+01	9.878373e-01
1.300000000000000e+01	1.028867e+00
1.400000000000000e+01	1.010306e+00
1.500000000000000e+01	1.031398e+00
1.600000000000000e+01	1.030766e+00
1.700000000000000e+01	9.988822e-01
1.800000000000000e+01	1.021714e+00
1.900000000000000e+01	9.415575e-01
2.000000000000000e+01	1.045045e+00
2.100000000000000e+01	1.016914e+00
2.200000000000000e+01	1.012781e+00
2.300000000000000e+01	9.908807e-01
2.400000000000000e+01	9.811061e-01
2.500000000000000e+01	9.810696e-01
2.600000000000000e+01	9.937754e-01
2.700000000000000e+01	9.843102e-01
2.800000000000000e+01	1.046219e+00
2.900000000000000e+01	9.986227e-01
3.000000000000000e+01	9.899680e-01
3.100000000000000e+01	1.039372e+00
3.200000000000000e+01	1.008630e+00
3.300000000000000e+01	1.002913e+00
3.400000000000000e+01	9.584213e-01
3.500000000000000e+01	9.978551e-01
3.600000000000000e+01	9.848636e-01
3.700000000000000e+01	1.014510e+00
3.800000000000000e+01	1.027857e+00
3.900000000000000e+01	9.444087e-01
4.000000000000000e+01	9.795255e-01
4.100000000000000e+01	9.678684e-01
4.200000000000000e+01	9.903038e-01
4.300000000000000e+01	9.889654e-01
4.400000000000000e+01	9.833012e-01
4.500000000000000e+01	9.522337e-01
4.600000000000000e+01	9.757414e-01
4.700000000000000e+01	9.789875e-01
4.800000000000000e+01	9.821895e-01
4.900000000000000e+01	9.976005e-01
5.000000000000000e+01	1.028221e+00
5.100000000000000e+01	9.572324e-01
5.200000000000000e+01	9.710644e-01
5.300000000000000e+01	9.933976e-01
5.400000000000000e+01	9.691832e-01
5.500000000000000e+01	9.635555e-01
5.600000000000000e+01	1.001926e+00
5.700000000000000e+01	9.826934e-01
5.800000000000000e+01	9.507281e-01
5.900000000000000e+01	9.647327e-01
6.000000000000000e+01	9.870272e-01
6.100000000000000e+01	9.682389e-01
6.200000000000000e+01	9.487396e-01
6.300000000000000e+01	9.703000e-01
6.400000000000000e+01	9.777914e-01
6.500000000000000e+01	1.002607e+00
6.600000000000000e+01	1.041565e+00
6.700000000000000e+01	9.771311e-01
6.800000000000000e+01	9.693014e-01
6.900000000000000e+01	9.633867e-01
7.000000000000000e+01	1.010828e+00
7.100000000000000e+01	1.009257e+00
7.200000000000000e+01	1.032742e+00
7.300000000000000e+01	9.925807e-01
7.400000000000000e+01	1.002386e+00
7.500000000000000e+01	1.012401e+00
7.600000000000000e+01	1.004885e+00
7.700000000000000e+01	9.712473e-01
7.800000000000000e+01	9.657894e-01
7.900000000000000e+01	1.001997e+00
8.000000000000000e+01	9.907579e-01
8.100000000000000e+01	1.005677e+00
8.200000000000000e+01	1.027426e+00
8.300000000000000e+01	9.913468e-01
8.400000000000000e+01	9.745223e-01
8.500000000000000e+01	1.023442e+00
8.600000000000000e+01	9.883080e-01
8.700000000000000e+01	1.005031e+00
8.800000000000000e+01	9.973952e-01
8.900000000000000e+01	9.709798e-01
9.000000000000000e+01	1.029435e+00
9.100000000000000e+01	9.479961e-01
9.200000000000000e+01	1.005568e+00
9.300000000000000e+01	9.639266e-01
9.400000000000000e+01	1.018475e+00
9.500000000000000e+01	9.856085e-01
9.600000000000000e+01	9.538573e-01
9.700000000000000e+01	1.033413e+00
9.800000000000000e+01	9.869290e-01
9.900000000000000e+01	1.005195e+00
1.000000000000000e+02	9.953301e-01
1.010000000000000e+02	1.021483e+00
1.020000000000000e+02	9.525971e-01
1.030000000000000e+02	9.744002e-01
1.040000000000000e+02	1.013637e+00
1.050000000000000e+02	1.013847e+00
1.060000000000000e+02	1.008805e+00
1.070000000000000e+02	9.687344e-01
1.080000000000000e+02	9.521618e-01
1.090000000000000e+02	1.011565e+00
1.100000000000000e+02	9.989647e-01
1.110000000000000e+02	1.040038e+00
1.120000000000000e+02	9.836406e-01
1.130000000000000e+02	1.043782e+00
1.140000000000000e+02	9.439838e-01
1.150000000000000e+02	9.615962e-01
1.160000000000000e+02	9.820272e-01
1.170000000000000e+02	9.749859e-01
1.180000000000000e+02	1.020947e+00
1.190000000000000e+02	1.005677e+00
1.200000000000000e+02	1.048878e+00
1.210000000000000e+02	9.496377e-01
1.220000000000000e+02	1.007190e+00
1.230000000000000e+02	1.034744e+00
1.240000000000000e+02	9.512413e-01
1.250000000000000e+02	9.425998e-01
1.260000000000000e+02	9.775330e-01
1.270000000000000e+02	1.030230e+00
1.280000000000000e+02	1.044045e+00
1.290000000000000e+02	9.632463e-01
1.300000000000000e+02	1.031783e+00
1.310000000000000e+02	1.000425e+00
1.320000000000000e+02	9.843593e-01
1.330000000000000e+02	1.046637e+00
1.340000000000000e+02	9.493492e-01
1.350000000000000e+02	9.536640e-01
1.360000000000000e+02	1.009087e+00
1.370000000000000e+02	1.028849e+00
1.380000000000000e+02	9.725854e-01
1.390000000000000e+02	9.990732e-01
1.400000000000000e+02	1.010120e+00
1.410000000000000e+02	1.021796e+00
1.420000000000000e+02	1.032980e+00
1.430000000000000e+02	9.563244e-01
1.440000000000000e+02	1.010855e+00
1.450000000000000e+02	1.035253e+00
1.460000000000000e+02	1.025905e+00
1.470000000000000e+02	1.011930e+00
1.480000000000000e+02	9.919505e-01
1.490000000000000e+02	9.649029e-01
1.500000000000000e+02	9.608486e-01
1.510000000000000e+02	9.563041e-01
1.520000000000000e+02	9.521056e-01
1.530000000000000e+02	9.787167e-01
1.540000000000000e+02	9.665486e-01
1.550000000000000e+02	9.641484e-01
1.560000000000000e+02	1.005428e+00
1.570000000000000e+02	9.627855e-01
1.580000000000000e+02	1.017991e+00
1.590000000000000e+02	1.028077e+00
1.600000000000000e+02	9.838102e-01
1.610000000000000e+02	1.021010e+00
1.620000000000000e+02	9.612970e-01
1.630000000000000e+02	1.022352e+00
1.640000000000000e+02	9.705701e-01
1.650000000000000e+02	9.803641e-01
1.660000000000000e+02	1.029716e+00
1.670000000000000e+02	1.031628e+00
1.680000000000000e+02	1.015632e+00
1.690000000000000e+02	1.001432e+00
1.700000000000000e+02	9.482084e-01
1.710000000000000e+02	9.436657e-01
1.720000000000000e+02	9.965190e-01
1.730000000000000e+02	1.009232e+00
1.740000000000000e+02	9.802001e-01
1.750000000000000e+02	9.865387e-01
1.760000000000000e+02	1.002450e+00
1.770000000000000e+02	1.017828e+00
1.780000000000000e+02	9.668472e-01
1.790000000000000e+02	9.865701e-01
1.800000000000000e+02	9.822490e-01
1.810000000000000e+02	1.046836e+00
1.820000000000000e+02	9.461129e-01
1.830000000000000e+02	9.824290e-01
1.840000000000000e+02	9.489117e-01
1.850000000000000e+02	9.793099e-01
1.860000000000000e+02	9.581128e-01
1.870000000000000e+02	1.047785e+00
1.880000000000000e+02	1.037223e+00
1.890000000000000e+02	1.003117e+00
1.900000000000000e+02	9.887065e-01
1.910000000000000e+02	9.582773e-01
1.920000000000000e+02	1.011335e+00
1.930000000000000e+02	9.723772e-01
1.940000000000000e+02	9.812956e-01
1.950000000000000e+02	1.030985e+00
1.960000000000000e+02	9.975406e-01
1.970000000000000e+02	9.620596e-01
1.980000000000000e+02	1.016906e+00
1.990000000000000e+02	9.817478e-01
2.000000000000000e+02	9.891063e-01
2.010000000000000e+02	9.684125e-01
2.020000000000000e+02	1.036731e+00
2.030000000000000e+02	1.038434e+00
2.040000000000000e+02	1.023148e+00
2.050000000000000e+02	1.005891e+00
2.060000000000000e+02	9.757425e-01
2.070000000000000e+02	1.039913e+00
2.080000000000000e+02	9.995548e-01
2.090000000000000e+02	9.364216e-01
2.100000000000000e+02	1.022078e+00
2.110000000000000e+02	9.693106e-01
2.120000000000000e+02	9.657343e-01
2.130000000000000e+02	9.976999e-01
2.140000000000000e+02	1.045049e+00
2.150000000000000e+02	1.002014e+00
2.160000000000000e+02	1.021118e+00
2.170000000000000e+02	1.017253e+00
2.180000000000000e+02	1.037452e+00
2.190000000000000e+02	9.502410e-01
2.200000000000000e+02	9.701624e-01
2.210000000000000e+02	9.948565e-01
2.220000000000000e+02	9.692354e-01
2.230000000000000e+02	9.892811e-01
2.240000000000000e+02	1.037017e+00
2.250000000000000e+02	1.039972e+00
2.260000000000000e+02	1.031716e+00
2.270000000000000e+02	1.033431e+00
2.280000000000000e+02	1.005799e+00
2.290000000000000e+02	9.553884e-01
2.300000000000000e+02	9.726865e-01
2.310000000000000e+02	1.035646e+00
2.320000000000000e+02	1.037859e+00
2.330000000000000e+02	9.892731e-01
2.340000000000000e+02	9.728385e-01
2.350000000000000e+02	9.856471e-01
2.360000000000000e+02	9.918538e-01
2.370000000000000e+02	9.743171e-01
2.380000000000000e+02	9.796305e-01
2.390000000000000e+02	9.568760e-01
2.400000000000000e+02	9.937078e-01
2.410000000000000e+02	9.519301e-01
2.420000000000000e+02	9.688888e-01
2.430000000000000e+02	9.478998e-01
2.440000000000000e+02	1.023516e+00
2.450000000000000e+02	9.741791e-01
2.460000000000000e+02	9.770411e-01
2.470000000000000e+02	1.018847e+00
2.480000000000000e+02	9.826391e-01
2.490000000000000e+02	9.412429e-01
2.500000000000000e+02	9.709448e-01
2.510000000000000e+02	1.031622e+00
2.520000000000000e+02	9.889936e-01
2.530000000000000e+02	1.038363e+00
2.540000000000000e+02	1.033337e+00
2.550000000000000e+02	9.709587e-01
2.560000000000000e+02	9.916580e-01
2.570000000000000e+02	9.685977e-01
2.580000000000000e+02	9.878691e-01
2.590000000000000e+02	1.034908e+00
2.600000000000000e+02	9.500723e-01
2.610000000000000e+02	9.529234e-01
2.620000000000000e+02	1.032813e+00
2.630000000000000e+02	1.024317e+00
2.640000000000000e+02	9.721721e-01
2.650000000000000e+02	1.044460e+00
2.660000000000000e+02	9.531323e-01
2.670000000000000e+02	9.456198e-01
2.680000000000000e+02	9.731616e-01
2.690000000000000e+02	9.928685e-01
2.700000000000000e+02	1.017675e+00
2.710000000000000e+02	9.840489e-01
2.720000000000000e+02	1.003515e+00
2.730000000000000e+02	1.044959e+00
2.740000000000000e+02	1.034227e+00
2.750000000000000e+02	9.671379e-01
2.760000000000000e+02	9.865471e-01
2.770000000000000e+02	1.028315e+00
2.780000000000000e+02	9.917277e-01
2.790000000000000e+02	1.040529e+00
2.800000000000000e+02	9.775881e-01
2.810000000000000e+02	1.024864e+00
2.820000000000000e+02	9.967670e-01
2.830000000000000e+02	1.027225e+00
2.840000000000000e+02	1.028860e+00
2.850000000000000e+02	1.025169e+00
2.860000000000000e+02	1.027397e+00
2.870000000000000e+02	1.002308e+00
2.880000000000000e+02	1.008566e+00
2.890000000000000e+02	9.573810e-01
2.900000000000000e+02	9.987470e-01
2.910000000000000e+02	1.030136e+00
2.920000000000000e+02	9.562129e-01
2.930000000000000e+02	9.478906e-01
2.940000000000000e+02	9.507884e-01
2.950000000000000e+02	1.024389e+00
2.960000000000000e+02	1.032195e+00
2.970000000000000e+02	9.744721e-01
2.980000000000000e+02	9.767781e-01
2.990000000000000e+02	9.815144e-01
3.000000000000000e+02	9.716726e-01
3.010000000000000e+02	1.023423e+00
3.020000000000000e+02	1.029995e+00
3.030000000000000e+02	1.042421e+00
3.040000000000000e+02	9.623955e-01
3.050000000000000e+02	9.471970e-01
3.060000000000000e+02	1.015209e+00
3.070000000000000e+02	9.792089e-01
3.080000000000000e+02	9.774081e-01
3.090000000000000e+02	1.016566e+00
3.100000000000000e+02	9.535970e-01
3.110000000000000e+02	1.015048e+00
3.120000000000000e+02	1.039157e+00
3.130000000000000e+02	1.025116e+00
3.140000000000000e+02	9.511209e-01
3.150000000000000e+02	9.479676e-01
3.160000000000000e+02	1.023867e+00
3.170000000000000e+02	9.620355e-01
3.180000000000000e+02	1.014056e+00
3.190000000000000e+02	9.828321e-01
3.200000000000000e+02	1.005194e+00
3.210000000000000e+02	1.021057e+00
3.220000000000000e+02	9.736595e-01
3.230000000000000e+02	1.015278e+00
3.240000000000000e+02	1.038789e+00
3.250000000000000e+02	9.790354e-01
3.260000000000000e+02	9.554059e-01
3.270000000000000e+02	1.002158e+00
3.280000000000000e+02	9.488450e-01
3.290000000000000e+02	9.738916e-01
3.300000000000000e+02	9.482617e-01
3.310000000000000e+02	9.514105e-01
3.320000000000000e+02	1.022774e+00
3.330000000000000e+02	9.718709e-01
3.340000000000000e+02	9.893970e-01
3.350000000000000e+02	9.841542e-01
3.360000000000000e+02	9.914411e-01
3.370000000000000e+02	9.812554e-01
3.380000000000000e+02	1.006312e+00
3.390000000000000e+02	9.561199e-01
3.400000000000000e+02	9.808916e-01
3.410000000000000e+02	9.841359e-01
3.420000000000000e+02	9.558476e-01
3.430000000000000e+02	1.037769e+00
3.440000000000000e+02	9.389457e-01
3.450000000000000e+02	9.746175e-01
3.460000000000000e+02	9.846631e-01
3.470000000000000e+02	1.036612e+00
3.480000000000000e+02	1.020488e+00
3.490000000000000e+02	9.967116e-01
3.500000000000000e+02	9.774114e-01
3.510000000000000e+02	1.009075e+00
3.520000000000000e+02	1.011302e+00
3.530000000000000e+02	9.833806e-01
3.540000000000000e+02	1.015214e+00
3.550000000000000e+02	9.586309e-01
3.560000000000000e+02	9.984065e-01
3.570000000000000e+02	1.020108e+00
3.580000000000000e+02	1.016890e+00
3.590000000000000e+02	9.755714e-01
3.600000000000000e+02	9.568343e-01
3.610000000000000e+02	9.878832e-01
3.620000000000000e+02	1.027089e+00
3.630000000000000e+02	9.473684e-01
3.640000000000000e+02	9.535520e-01
3.650000000000000e+02	1.004242e+00
3.660000000000000e+02	9.726334e-01
3.670000000000000e+02	1.023666e+00
3.680000000000000e+02	1.024996e+00
3.690000000000000e+02	9.751999e-01
3.700000000000000e+02	9.555381e-01
3.710000000000000e+02	1.016198e+00
3.720000000000000e+02	9.950597e-01
3.730000000000000e+02	1.028736e+00
3.740000000000000e+02	1.018671e+00
3.750000000000000e+02	9.471309e-01
3.760000000000000e+02	1.010553e+00
3.770000000000000e+02	1.009657e+00
3.780000000000000e+02	9.593027e-01
3.790000000000000e+02	1.010327e+00
3.800000000000000e+02	1.001846e+00
3.810000000000000e+02	1.043016e+00
3.820000000000000e+02	9.623412e-01
3.830000000000000e+02	1.014989e+00
3.840000000000000e+02	1.021341e+00
3.850000000000000e+02	1.019292e+00
3.860000000000000e+02	9.407352e-01
3.870000000000000e+02	9.934800e-01
3.880000000000000e+02	1.019972e+00
3.890000000000000e+02	9.710361e-01
3.900000000000000e+02	9.465472e-01
3.910000000000000e+02	1.041925e+00
3.920000000000000e+02	9.520731e-01
3.930000000000000e+02	9.483107e-01
3.940000000000000e+02	9.486744e-01
3.950000000000000e+02	1.007121e+00
3.960000000000000e+02	9.478357e-01
3.970000000000000e+02	9.819507e-01
3.980000000000000e+02	1.021637e+00
3.990000000000000e+02	1.016747e+00
4.000000000000000e+02	1.030572e+00
4.010000000000000e+02	1.003888e+00
4.020000000000000e+02	9.929069e-01
4.030000000000000e+02	1.004527e+00
4.040000000000000e+02	9.644359e-01
4.050000000000000e+02	9.859354e-01
4.060000000000000e+02	9.776229e-01
4.070000000000000e+02	9.751282e-01
4.080000000000000e+02	9.862307e-01
4.090000000000000e+02	9.558735e-01
4.100000000000000e+02	9.580672e-01
4.110000000000000e+02	1.028816e+00
4.120000000000000e+02	9.922985e-01
4.130000000000000e+02	1.003291e+00
4.140000000000000e+02	9.664817e-01
4.150000000000000e+02	9.702222e-01
4.160000000000000e+02	9.830229e-01
4.170000000000000e+02	9.536858e-01
4.180000000000000e+02	9.562496e-01
4.190000000000000e+02	1.011069e+00
4.200000000000000e+02	1.027945e+00
4.210000000000000e+02	9.721716e-01
4.220000000000000e+02	9.423578e-01
4.230000000000000e+02	9.584463e-01
4.240000000000000e+02	9.752955e-01
4.250000000000000e+02	9.532807e-01
4.260000000000000e+02	1.000225e+00
4.270000000000000e+02	9.911635e-01
4.280000000000000e+02	9.923618e-01
4.290000000000000e+02	1.004658e+00
4.300000000000000e+02	1.037422e+00
4.310000000000000e+02	9.928441e-01
4.320000000000000e+02	9.906522e-01
4.330000000000000e+02	1.024483e+00
4.340000000000000e+02	9.802843e-01
4.350000000000000e+02	9.877144e-01
4.360000000000000e+02	1.022193e+00
4.370000000000000e+02	1.009301e+00
4.380000000000000e+02	9.997056e-01
4.390000000000000e+02	9.818901e-01
4.400000000000000e+02	1.019333e+00
4.410000000000000e+02	1.006176e+00
4.420000000000000e+02	1.045142e+00
4.430000000000000e+02	1.010367e+00
4.440000000000000e+02	1.022086e+00
4.450000000000000e+02	1.037630e+00
4.460000000000000e+02	1.025250e+00
4.470000000000000e+02	9.905773e-01
4.480000000000000e+02	9.495456e-01
4.490000000000000e+02	1.019090e+00
4.500000000000000e+02	9.632016e-01
4.510000000000000e+02	1.045429e+00
4.520000000000000e+02	9.810731e-01
4.530000000000000e+02	1.008459e+00
4.540000000000000e+02	1.003045e+00
4.550000000000000e+02	9.486966e-01
4.560000000000000e+02	1.008500e+00
4.570000000000000e+02	1.017819e+00
4.580000000000000e+02	1.026033e+00
4.590000000000000e+02	1.039221e+00
4.600000000000000e+02	1.011416e+00
4.610000000000000e+02	9.516176e-01
4.620000000000000e+02	9.430071e-01
4.630000000000000e+02	1.012173e+00
4.640000000000000e+02	9.721878e-01
4.650000000000000e+02	1.001291e+00
4.660000000000000e+02	1.027992e+00
4.670000000000000e+02	9.689582e-01
4.680000000000000e+02	9.786862e-01
4.690000000000000e+02	9.745901e-01
4.700000000000000e+02	1.022983e+00
4.710000000000000e+02	9.789453e-01
4.720000000000000e+02	9.888504e-01
4.730000000000000e+02	9.733894e-01
4.740000000000000e+02	9.542375e-01
4.750000000000000e+02	9.605926e-01
4.760000000000000e+02	9.749285e-01
4.770000000000000e+02	1.006516e+00
4.780000000000000e+02	9.839744e-01
4.790000000000000e+02	1.027271e+00
4.800000000000000e+02	9.711751e-01
4.810000000000000e+02	1.037179e+00
4.820000000000000e+02	9.891766e-01
4.830000000000000e+02	1.029859e+00
4.840000000000000e+02	1.036299e+00
4.850000000000000e+02	9.724013e-01
4.860000000000000e+02	9.723290e-01
4.870000000000000e+02	9.812467e-01
4.880000000000000e+02	1.025581e+00
4.890000000000000e+02	1.026214e+00
4.900000000000000e+02	9.745145e-01
4.910000000000000e+02	9.685463e-01
4.920000000000000e+02	1.039607e+00
4.930000000000000e+02	1.006126e+00
4.940000000000000e+02	9.767312e-01
4.950000000000000e+02	9.856939e-01
4.960000000000000e+02	9.959264e-01
4.970000000000000e+02	1.002252e+00
4.980000000000000e+02	1.043622e+00
4.990000000000000e+02	1.017770e+00
5.000000000000000e+02	1.003313e+00
